2436
1 2 2 7 
2 2 1 8 
3 1 10 
4 2 5 12 
5 3 4 6 13 
6 3 5 7 14 
7 4 1 6 8 15 
8 4 2 7 9 16 
9 3 8 10 17 
10 2 3 9 
11 2 12 23 
12 4 4 11 13 24 
13 4 5 12 14 25 
14 4 6 13 15 26 
15 4 7 14 16 27 
16 4 8 15 17 28 
17 3 9 16 29 
18 2 19 32 
19 2 18 33 
20 2 21 39 
21 3 20 22 40 
22 3 21 23 41 
23 4 11 22 24 42 
24 4 12 23 25 43 
25 4 13 24 26 44 
26 4 14 25 27 45 
27 4 15 26 28 46 
28 4 16 27 29 47 
29 2 17 28 
30 2 31 48 
31 3 30 32 49 
32 4 18 31 33 50 
33 4 19 32 34 51 
34 3 33 35 52 
35 3 34 36 53 
36 3 35 37 54 
37 3 36 38 55 
38 3 37 39 56 
39 4 20 38 40 57 
40 4 21 39 41 58 
41 4 22 40 42 59 
42 4 23 41 43 60 
43 4 24 42 44 61 
44 4 25 43 45 62 
45 4 26 44 46 63 
46 4 27 45 47 64 
47 2 28 46 
48 3 30 49 65 
49 4 31 48 50 66 
50 4 32 49 51 67 
51 4 33 50 52 68 
52 4 34 51 53 69 
53 4 35 52 54 70 
54 4 36 53 55 71 
55 4 37 54 56 72 
56 4 38 55 57 73 
57 4 39 56 58 74 
58 4 40 57 59 75 
59 4 41 58 60 76 
60 4 42 59 61 77 
61 4 43 60 62 78 
62 4 44 61 63 79 
63 4 45 62 64 80 
64 3 46 63 81 
65 3 48 66 82 
66 4 49 65 67 83 
67 4 50 66 68 84 
68 4 51 67 69 85 
69 4 52 68 70 86 
70 4 53 69 71 87 
71 4 54 70 72 88 
72 4 55 71 73 89 
73 4 56 72 74 90 
74 4 57 73 75 91 
75 4 58 74 76 92 
76 4 59 75 77 93 
77 4 60 76 78 94 
78 4 61 77 79 95 
79 4 62 78 80 96 
80 4 63 79 81 97 
81 3 64 80 98 
82 3 65 83 100 
83 4 66 82 84 101 
84 4 67 83 85 102 
85 4 68 84 86 103 
86 4 69 85 87 104 
87 4 70 86 88 105 
88 4 71 87 89 106 
89 4 72 88 90 107 
90 4 73 89 91 108 
91 4 74 90 92 109 
92 4 75 91 93 110 
93 4 76 92 94 111 
94 4 77 93 95 112 
95 4 78 94 96 113 
96 4 79 95 97 114 
97 4 80 96 98 115 
98 4 81 97 99 116 
99 2 98 117 
100 3 82 101 120 
101 4 83 100 102 121 
102 4 84 101 103 122 
103 4 85 102 104 123 
104 4 86 103 105 124 
105 4 87 104 106 125 
106 4 88 105 107 126 
107 4 89 106 108 127 
108 4 90 107 109 128 
109 4 91 108 110 129 
110 4 92 109 111 130 
111 4 93 110 112 131 
112 4 94 111 113 132 
113 4 95 112 114 133 
114 4 96 113 115 134 
115 4 97 114 116 135 
116 4 98 115 117 136 
117 4 99 116 118 137 
118 3 117 119 138 
119 2 118 139 
120 3 100 121 141 
121 4 101 120 122 142 
122 4 102 121 123 143 
123 4 103 122 124 144 
124 4 104 123 125 145 
125 4 105 124 126 146 
126 4 106 125 127 147 
127 4 107 126 128 148 
128 4 108 127 129 149 
129 4 109 128 130 150 
130 4 110 129 131 151 
131 4 111 130 132 152 
132 4 112 131 133 153 
133 4 113 132 134 154 
134 4 114 133 135 155 
135 4 115 134 136 156 
136 4 116 135 137 157 
137 4 117 136 138 158 
138 4 118 137 139 159 
139 4 119 138 140 160 
140 2 139 161 
141 3 120 142 163 
142 4 121 141 143 164 
143 4 122 142 144 165 
144 4 123 143 145 166 
145 4 124 144 146 167 
146 4 125 145 147 168 
147 4 126 146 148 169 
148 4 127 147 149 170 
149 4 128 148 150 171 
150 4 129 149 151 172 
151 4 130 150 152 173 
152 4 131 151 153 174 
153 4 132 152 154 175 
154 4 133 153 155 176 
155 4 134 154 156 177 
156 4 135 155 157 178 
157 4 136 156 158 179 
158 4 137 157 159 180 
159 4 138 158 160 181 
160 4 139 159 161 182 
161 3 140 160 183 
162 2 163 186 
163 4 141 162 164 187 
164 4 142 163 165 188 
165 4 143 164 166 189 
166 4 144 165 167 190 
167 4 145 166 168 191 
168 4 146 167 169 192 
169 4 147 168 170 193 
170 4 148 169 171 194 
171 4 149 170 172 195 
172 4 150 171 173 196 
173 4 151 172 174 197 
174 4 152 173 175 198 
175 4 153 174 176 199 
176 4 154 175 177 200 
177 4 155 176 178 201 
178 4 156 177 179 202 
179 4 157 178 180 203 
180 4 158 179 181 204 
181 4 159 180 182 205 
182 4 160 181 183 206 
183 4 161 182 184 207 
184 3 183 185 208 
185 2 184 209 
186 3 162 187 213 
187 4 163 186 188 214 
188 4 164 187 189 215 
189 4 165 188 190 216 
190 4 166 189 191 217 
191 4 167 190 192 218 
192 4 168 191 193 219 
193 4 169 192 194 220 
194 4 170 193 195 221 
195 4 171 194 196 222 
196 4 172 195 197 223 
197 4 173 196 198 224 
198 4 174 197 199 225 
199 4 175 198 200 226 
200 4 176 199 201 227 
201 4 177 200 202 228 
202 4 178 201 203 229 
203 4 179 202 204 230 
204 4 180 203 205 231 
205 4 181 204 206 232 
206 4 182 205 207 233 
207 4 183 206 208 234 
208 4 184 207 209 235 
209 4 185 208 210 236 
210 3 209 211 237 
211 2 210 238 
212 2 213 245 
213 4 186 212 214 246 
214 4 187 213 215 247 
215 4 188 214 216 248 
216 4 189 215 217 249 
217 4 190 216 218 250 
218 4 191 217 219 251 
219 4 192 218 220 252 
220 4 193 219 221 253 
221 4 194 220 222 254 
222 4 195 221 223 255 
223 4 196 222 224 256 
224 4 197 223 225 257 
225 4 198 224 226 258 
226 4 199 225 227 259 
227 4 200 226 228 260 
228 4 201 227 229 261 
229 4 202 228 230 262 
230 4 203 229 231 263 
231 4 204 230 232 264 
232 4 205 231 233 265 
233 4 206 232 234 266 
234 4 207 233 235 267 
235 4 208 234 236 268 
236 4 209 235 237 269 
237 4 210 236 238 270 
238 4 211 237 239 271 
239 3 238 240 272 
240 3 239 241 273 
241 2 240 274 
242 2 243 279 
243 3 242 244 280 
244 3 243 245 281 
245 4 212 244 246 282 
246 4 213 245 247 283 
247 4 214 246 248 284 
248 4 215 247 249 285 
249 4 216 248 250 286 
250 4 217 249 251 287 
251 4 218 250 252 288 
252 4 219 251 253 289 
253 4 220 252 254 290 
254 4 221 253 255 291 
255 4 222 254 256 292 
256 4 223 255 257 293 
257 4 224 256 258 294 
258 4 225 257 259 295 
259 4 226 258 260 296 
260 4 227 259 261 297 
261 4 228 260 262 298 
262 4 229 261 263 299 
263 4 230 262 264 300 
264 4 231 263 265 301 
265 4 232 264 266 302 
266 4 233 265 267 303 
267 4 234 266 268 304 
268 4 235 267 269 305 
269 4 236 268 270 306 
270 4 237 269 271 307 
271 4 238 270 272 308 
272 4 239 271 273 309 
273 4 240 272 274 310 
274 4 241 273 275 311 
275 3 274 276 312 
276 3 275 277 313 
277 2 276 314 
278 2 279 316 
279 4 242 278 280 317 
280 4 243 279 281 318 
281 4 244 280 282 319 
282 4 245 281 283 320 
283 4 246 282 284 321 
284 4 247 283 285 322 
285 4 248 284 286 323 
286 4 249 285 287 324 
287 4 250 286 288 325 
288 4 251 287 289 326 
289 4 252 288 290 327 
290 4 253 289 291 328 
291 4 254 290 292 329 
292 4 255 291 293 330 
293 4 256 292 294 331 
294 4 257 293 295 332 
295 4 258 294 296 333 
296 4 259 295 297 334 
297 4 260 296 298 335 
298 4 261 297 299 336 
299 4 262 298 300 337 
300 4 263 299 301 338 
301 4 264 300 302 339 
302 4 265 301 303 340 
303 4 266 302 304 341 
304 4 267 303 305 342 
305 4 268 304 306 343 
306 4 269 305 307 344 
307 4 270 306 308 345 
308 4 271 307 309 346 
309 4 272 308 310 347 
310 4 273 309 311 348 
311 4 274 310 312 349 
312 4 275 311 313 350 
313 4 276 312 314 351 
314 4 277 313 315 352 
315 2 314 353 
316 3 278 317 358 
317 4 279 316 318 359 
318 4 280 317 319 360 
319 4 281 318 320 361 
320 4 282 319 321 362 
321 4 283 320 322 363 
322 4 284 321 323 364 
323 4 285 322 324 365 
324 4 286 323 325 366 
325 4 287 324 326 367 
326 4 288 325 327 368 
327 4 289 326 328 369 
328 4 290 327 329 370 
329 4 291 328 330 371 
330 4 292 329 331 372 
331 4 293 330 332 373 
332 4 294 331 333 374 
333 4 295 332 334 375 
334 4 296 333 335 376 
335 4 297 334 336 377 
336 4 298 335 337 378 
337 4 299 336 338 379 
338 4 300 337 339 380 
339 4 301 338 340 381 
340 4 302 339 341 382 
341 4 303 340 342 383 
342 4 304 341 343 384 
343 4 305 342 344 385 
344 4 306 343 345 386 
345 4 307 344 346 387 
346 4 308 345 347 388 
347 4 309 346 348 389 
348 4 310 347 349 390 
349 4 311 348 350 391 
350 4 312 349 351 392 
351 4 313 350 352 393 
352 4 314 351 353 394 
353 4 315 352 354 395 
354 3 353 355 396 
355 3 354 356 397 
356 2 355 398 
357 2 358 402 
358 4 316 357 359 403 
359 4 317 358 360 404 
360 4 318 359 361 405 
361 4 319 360 362 406 
362 4 320 361 363 407 
363 4 321 362 364 408 
364 4 322 363 365 409 
365 4 323 364 366 410 
366 4 324 365 367 411 
367 4 325 366 368 412 
368 4 326 367 369 413 
369 4 327 368 370 414 
370 4 328 369 371 415 
371 4 329 370 372 416 
372 4 330 371 373 417 
373 4 331 372 374 418 
374 4 332 373 375 419 
375 4 333 374 376 420 
376 4 334 375 377 421 
377 4 335 376 378 422 
378 4 336 377 379 423 
379 4 337 378 380 424 
380 4 338 379 381 425 
381 4 339 380 382 426 
382 4 340 381 383 427 
383 4 341 382 384 428 
384 4 342 383 385 429 
385 4 343 384 386 430 
386 4 344 385 387 431 
387 4 345 386 388 432 
388 4 346 387 389 433 
389 4 347 388 390 434 
390 4 348 389 391 435 
391 4 349 390 392 436 
392 4 350 391 393 437 
393 4 351 392 394 438 
394 4 352 393 395 439 
395 4 353 394 396 440 
396 4 354 395 397 441 
397 4 355 396 398 442 
398 4 356 397 399 443 
399 3 398 400 444 
400 3 399 401 445 
401 2 400 446 
402 3 357 403 449 
403 4 358 402 404 450 
404 4 359 403 405 451 
405 4 360 404 406 452 
406 4 361 405 407 453 
407 4 362 406 408 454 
408 4 363 407 409 455 
409 4 364 408 410 456 
410 4 365 409 411 457 
411 4 366 410 412 458 
412 4 367 411 413 459 
413 4 368 412 414 460 
414 4 369 413 415 461 
415 4 370 414 416 462 
416 4 371 415 417 463 
417 4 372 416 418 464 
418 4 373 417 419 465 
419 4 374 418 420 466 
420 4 375 419 421 467 
421 4 376 420 422 468 
422 4 377 421 423 469 
423 4 378 422 424 470 
424 4 379 423 425 471 
425 4 380 424 426 472 
426 4 381 425 427 473 
427 4 382 426 428 474 
428 4 383 427 429 475 
429 4 384 428 430 476 
430 4 385 429 431 477 
431 4 386 430 432 478 
432 4 387 431 433 479 
433 4 388 432 434 480 
434 4 389 433 435 481 
435 4 390 434 436 482 
436 4 391 435 437 483 
437 4 392 436 438 484 
438 4 393 437 439 485 
439 4 394 438 440 486 
440 4 395 439 441 487 
441 4 396 440 442 488 
442 4 397 441 443 489 
443 4 398 442 444 490 
444 4 399 443 445 491 
445 4 400 444 446 492 
446 4 401 445 447 493 
447 3 446 448 494 
448 2 447 495 
449 2 402 450 
450 4 403 449 451 497 
451 4 404 450 452 498 
452 4 405 451 453 499 
453 4 406 452 454 500 
454 4 407 453 455 501 
455 4 408 454 456 502 
456 4 409 455 457 503 
457 4 410 456 458 504 
458 4 411 457 459 505 
459 4 412 458 460 506 
460 4 413 459 461 507 
461 4 414 460 462 508 
462 4 415 461 463 509 
463 4 416 462 464 510 
464 4 417 463 465 511 
465 4 418 464 466 512 
466 4 419 465 467 513 
467 4 420 466 468 514 
468 4 421 467 469 515 
469 4 422 468 470 516 
470 4 423 469 471 517 
471 4 424 470 472 518 
472 4 425 471 473 519 
473 4 426 472 474 520 
474 4 427 473 475 521 
475 4 428 474 476 522 
476 4 429 475 477 523 
477 4 430 476 478 524 
478 4 431 477 479 525 
479 4 432 478 480 526 
480 4 433 479 481 527 
481 4 434 480 482 528 
482 4 435 481 483 529 
483 4 436 482 484 530 
484 4 437 483 485 531 
485 4 438 484 486 532 
486 4 439 485 487 533 
487 4 440 486 488 534 
488 4 441 487 489 535 
489 4 442 488 490 536 
490 4 443 489 491 537 
491 4 444 490 492 538 
492 4 445 491 493 539 
493 4 446 492 494 540 
494 4 447 493 495 541 
495 4 448 494 496 542 
496 2 495 543 
497 2 450 498 
498 4 451 497 499 545 
499 4 452 498 500 546 
500 4 453 499 501 547 
501 4 454 500 502 548 
502 4 455 501 503 549 
503 4 456 502 504 550 
504 4 457 503 505 551 
505 4 458 504 506 552 
506 4 459 505 507 553 
507 4 460 506 508 554 
508 4 461 507 509 555 
509 4 462 508 510 556 
510 4 463 509 511 557 
511 4 464 510 512 558 
512 4 465 511 513 559 
513 4 466 512 514 560 
514 4 467 513 515 561 
515 4 468 514 516 562 
516 4 469 515 517 563 
517 4 470 516 518 564 
518 4 471 517 519 565 
519 4 472 518 520 566 
520 4 473 519 521 567 
521 4 474 520 522 568 
522 4 475 521 523 569 
523 4 476 522 524 570 
524 4 477 523 525 571 
525 4 478 524 526 572 
526 4 479 525 527 573 
527 4 480 526 528 574 
528 4 481 527 529 575 
529 4 482 528 530 576 
530 4 483 529 531 577 
531 4 484 530 532 578 
532 4 485 531 533 579 
533 4 486 532 534 580 
534 4 487 533 535 581 
535 4 488 534 536 582 
536 4 489 535 537 583 
537 4 490 536 538 584 
538 4 491 537 539 585 
539 4 492 538 540 586 
540 4 493 539 541 587 
541 4 494 540 542 588 
542 4 495 541 543 589 
543 4 496 542 544 590 
544 2 543 591 
545 3 498 546 594 
546 4 499 545 547 595 
547 4 500 546 548 596 
548 4 501 547 549 597 
549 4 502 548 550 598 
550 4 503 549 551 599 
551 4 504 550 552 600 
552 4 505 551 553 601 
553 4 506 552 554 602 
554 4 507 553 555 603 
555 4 508 554 556 604 
556 4 509 555 557 605 
557 4 510 556 558 606 
558 4 511 557 559 607 
559 4 512 558 560 608 
560 4 513 559 561 609 
561 4 514 560 562 610 
562 4 515 561 563 611 
563 4 516 562 564 612 
564 4 517 563 565 613 
565 4 518 564 566 614 
566 4 519 565 567 615 
567 4 520 566 568 616 
568 4 521 567 569 617 
569 4 522 568 570 618 
570 4 523 569 571 619 
571 4 524 570 572 620 
572 4 525 571 573 621 
573 4 526 572 574 622 
574 4 527 573 575 623 
575 4 528 574 576 624 
576 4 529 575 577 625 
577 4 530 576 578 626 
578 4 531 577 579 627 
579 4 532 578 580 628 
580 4 533 579 581 629 
581 4 534 580 582 630 
582 4 535 581 583 631 
583 4 536 582 584 632 
584 4 537 583 585 633 
585 4 538 584 586 634 
586 4 539 585 587 635 
587 4 540 586 588 636 
588 4 541 587 589 637 
589 4 542 588 590 638 
590 4 543 589 591 639 
591 4 544 590 592 640 
592 2 591 641 
593 2 594 642 
594 4 545 593 595 643 
595 4 546 594 596 644 
596 4 547 595 597 645 
597 4 548 596 598 646 
598 4 549 597 599 647 
599 4 550 598 600 648 
600 4 551 599 601 649 
601 4 552 600 602 650 
602 4 553 601 603 651 
603 4 554 602 604 652 
604 4 555 603 605 653 
605 4 556 604 606 654 
606 4 557 605 607 655 
607 4 558 606 608 656 
608 4 559 607 609 657 
609 4 560 608 610 658 
610 4 561 609 611 659 
611 4 562 610 612 660 
612 4 563 611 613 661 
613 4 564 612 614 662 
614 4 565 613 615 663 
615 4 566 614 616 664 
616 4 567 615 617 665 
617 4 568 616 618 666 
618 4 569 617 619 667 
619 4 570 618 620 668 
620 4 571 619 621 669 
621 4 572 620 622 670 
622 4 573 621 623 671 
623 4 574 622 624 672 
624 4 575 623 625 673 
625 4 576 624 626 674 
626 4 577 625 627 675 
627 4 578 626 628 676 
628 4 579 627 629 677 
629 4 580 628 630 678 
630 4 581 629 631 679 
631 4 582 630 632 680 
632 4 583 631 633 681 
633 4 584 632 634 682 
634 4 585 633 635 683 
635 4 586 634 636 684 
636 4 587 635 637 685 
637 4 588 636 638 686 
638 4 589 637 639 687 
639 4 590 638 640 688 
640 4 591 639 641 689 
641 3 592 640 690 
642 3 593 643 692 
643 4 594 642 644 693 
644 4 595 643 645 694 
645 4 596 644 646 695 
646 4 597 645 647 696 
647 4 598 646 648 697 
648 4 599 647 649 698 
649 4 600 648 650 699 
650 4 601 649 651 700 
651 4 602 650 652 701 
652 4 603 651 653 702 
653 4 604 652 654 703 
654 4 605 653 655 704 
655 4 606 654 656 705 
656 4 607 655 657 706 
657 4 608 656 658 707 
658 4 609 657 659 708 
659 4 610 658 660 709 
660 4 611 659 661 710 
661 4 612 660 662 711 
662 4 613 661 663 712 
663 4 614 662 664 713 
664 4 615 663 665 714 
665 4 616 664 666 715 
666 4 617 665 667 716 
667 4 618 666 668 717 
668 4 619 667 669 718 
669 4 620 668 670 719 
670 4 621 669 671 720 
671 4 622 670 672 721 
672 4 623 671 673 722 
673 4 624 672 674 723 
674 4 625 673 675 724 
675 4 626 674 676 725 
676 4 627 675 677 726 
677 4 628 676 678 727 
678 4 629 677 679 728 
679 4 630 678 680 729 
680 4 631 679 681 730 
681 4 632 680 682 731 
682 4 633 681 683 732 
683 4 634 682 684 733 
684 4 635 683 685 734 
685 4 636 684 686 735 
686 4 637 685 687 736 
687 4 638 686 688 737 
688 4 639 687 689 738 
689 4 640 688 690 739 
690 3 641 689 740 
691 2 692 741 
692 4 642 691 693 742 
693 4 643 692 694 743 
694 4 644 693 695 744 
695 4 645 694 696 745 
696 4 646 695 697 746 
697 4 647 696 698 747 
698 4 648 697 699 748 
699 4 649 698 700 749 
700 4 650 699 701 750 
701 4 651 700 702 751 
702 4 652 701 703 752 
703 4 653 702 704 753 
704 4 654 703 705 754 
705 4 655 704 706 755 
706 4 656 705 707 756 
707 4 657 706 708 757 
708 4 658 707 709 758 
709 4 659 708 710 759 
710 4 660 709 711 760 
711 4 661 710 712 761 
712 4 662 711 713 762 
713 4 663 712 714 763 
714 4 664 713 715 764 
715 4 665 714 716 765 
716 4 666 715 717 766 
717 4 667 716 718 767 
718 4 668 717 719 768 
719 4 669 718 720 769 
720 4 670 719 721 770 
721 4 671 720 722 771 
722 4 672 721 723 772 
723 4 673 722 724 773 
724 4 674 723 725 774 
725 4 675 724 726 775 
726 4 676 725 727 776 
727 4 677 726 728 777 
728 4 678 727 729 778 
729 4 679 728 730 779 
730 4 680 729 731 780 
731 4 681 730 732 781 
732 4 682 731 733 782 
733 4 683 732 734 783 
734 4 684 733 735 784 
735 4 685 734 736 785 
736 4 686 735 737 786 
737 4 687 736 738 787 
738 4 688 737 739 788 
739 4 689 738 740 789 
740 3 690 739 790 
741 3 691 742 791 
742 4 692 741 743 792 
743 4 693 742 744 793 
744 4 694 743 745 794 
745 4 695 744 746 795 
746 4 696 745 747 796 
747 4 697 746 748 797 
748 4 698 747 749 798 
749 4 699 748 750 799 
750 4 700 749 751 800 
751 4 701 750 752 801 
752 4 702 751 753 802 
753 4 703 752 754 803 
754 4 704 753 755 804 
755 4 705 754 756 805 
756 4 706 755 757 806 
757 4 707 756 758 807 
758 4 708 757 759 808 
759 4 709 758 760 809 
760 4 710 759 761 810 
761 4 711 760 762 811 
762 4 712 761 763 812 
763 4 713 762 764 813 
764 4 714 763 765 814 
765 4 715 764 766 815 
766 4 716 765 767 816 
767 4 717 766 768 817 
768 4 718 767 769 818 
769 4 719 768 770 819 
770 4 720 769 771 820 
771 4 721 770 772 821 
772 4 722 771 773 822 
773 4 723 772 774 823 
774 4 724 773 775 824 
775 4 725 774 776 825 
776 4 726 775 777 826 
777 4 727 776 778 827 
778 4 728 777 779 828 
779 4 729 778 780 829 
780 4 730 779 781 830 
781 4 731 780 782 831 
782 4 732 781 783 832 
783 4 733 782 784 833 
784 4 734 783 785 834 
785 4 735 784 786 835 
786 4 736 785 787 836 
787 4 737 786 788 837 
788 4 738 787 789 838 
789 4 739 788 790 839 
790 3 740 789 840 
791 3 741 792 845 
792 4 742 791 793 846 
793 4 743 792 794 847 
794 4 744 793 795 848 
795 4 745 794 796 849 
796 4 746 795 797 850 
797 4 747 796 798 851 
798 4 748 797 799 852 
799 4 749 798 800 853 
800 4 750 799 801 854 
801 4 751 800 802 855 
802 4 752 801 803 856 
803 4 753 802 804 857 
804 4 754 803 805 858 
805 4 755 804 806 859 
806 4 756 805 807 860 
807 4 757 806 808 861 
808 4 758 807 809 862 
809 4 759 808 810 863 
810 4 760 809 811 864 
811 4 761 810 812 865 
812 4 762 811 813 866 
813 4 763 812 814 867 
814 4 764 813 815 868 
815 4 765 814 816 869 
816 4 766 815 817 870 
817 4 767 816 818 871 
818 4 768 817 819 872 
819 4 769 818 820 873 
820 4 770 819 821 874 
821 4 771 820 822 875 
822 4 772 821 823 876 
823 4 773 822 824 877 
824 4 774 823 825 878 
825 4 775 824 826 879 
826 4 776 825 827 880 
827 4 777 826 828 881 
828 4 778 827 829 882 
829 4 779 828 830 883 
830 4 780 829 831 884 
831 4 781 830 832 885 
832 4 782 831 833 886 
833 4 783 832 834 887 
834 4 784 833 835 888 
835 4 785 834 836 889 
836 4 786 835 837 890 
837 4 787 836 838 891 
838 4 788 837 839 892 
839 4 789 838 840 893 
840 4 790 839 841 894 
841 2 840 895 
842 2 843 896 
843 3 842 844 897 
844 1 843 
845 3 791 846 898 
846 4 792 845 847 899 
847 4 793 846 848 900 
848 4 794 847 849 901 
849 4 795 848 850 902 
850 4 796 849 851 903 
851 4 797 850 852 904 
852 4 798 851 853 905 
853 4 799 852 854 906 
854 4 800 853 855 907 
855 4 801 854 856 908 
856 4 802 855 857 909 
857 4 803 856 858 910 
858 4 804 857 859 911 
859 4 805 858 860 912 
860 4 806 859 861 913 
861 4 807 860 862 914 
862 4 808 861 863 915 
863 4 809 862 864 916 
864 4 810 863 865 917 
865 4 811 864 866 918 
866 4 812 865 867 919 
867 4 813 866 868 920 
868 4 814 867 869 921 
869 4 815 868 870 922 
870 4 816 869 871 923 
871 4 817 870 872 924 
872 4 818 871 873 925 
873 4 819 872 874 926 
874 4 820 873 875 927 
875 4 821 874 876 928 
876 4 822 875 877 929 
877 4 823 876 878 930 
878 4 824 877 879 931 
879 4 825 878 880 932 
880 4 826 879 881 933 
881 4 827 880 882 934 
882 4 828 881 883 935 
883 4 829 882 884 936 
884 4 830 883 885 937 
885 4 831 884 886 938 
886 4 832 885 887 939 
887 4 833 886 888 940 
888 4 834 887 889 941 
889 4 835 888 890 942 
890 4 836 889 891 943 
891 4 837 890 892 944 
892 4 838 891 893 945 
893 4 839 892 894 946 
894 4 840 893 895 947 
895 3 841 894 948 
896 3 842 897 950 
897 2 843 896 
898 3 845 899 951 
899 4 846 898 900 952 
900 4 847 899 901 953 
901 4 848 900 902 954 
902 4 849 901 903 955 
903 4 850 902 904 956 
904 4 851 903 905 957 
905 4 852 904 906 958 
906 4 853 905 907 959 
907 4 854 906 908 960 
908 4 855 907 909 961 
909 4 856 908 910 962 
910 4 857 909 911 963 
911 4 858 910 912 964 
912 4 859 911 913 965 
913 4 860 912 914 966 
914 4 861 913 915 967 
915 4 862 914 916 968 
916 4 863 915 917 969 
917 4 864 916 918 970 
918 4 865 917 919 971 
919 4 866 918 920 972 
920 4 867 919 921 973 
921 4 868 920 922 974 
922 4 869 921 923 975 
923 4 870 922 924 976 
924 4 871 923 925 977 
925 4 872 924 926 978 
926 4 873 925 927 979 
927 4 874 926 928 980 
928 4 875 927 929 981 
929 4 876 928 930 982 
930 4 877 929 931 983 
931 4 878 930 932 984 
932 4 879 931 933 985 
933 4 880 932 934 986 
934 4 881 933 935 987 
935 4 882 934 936 988 
936 4 883 935 937 989 
937 4 884 936 938 990 
938 4 885 937 939 991 
939 4 886 938 940 992 
940 4 887 939 941 993 
941 4 888 940 942 994 
942 4 889 941 943 995 
943 4 890 942 944 996 
944 4 891 943 945 997 
945 4 892 944 946 998 
946 4 893 945 947 999 
947 4 894 946 948 1000 
948 3 895 947 1001 
949 2 950 1005 
950 3 896 949 1006 
951 3 898 952 1008 
952 4 899 951 953 1009 
953 4 900 952 954 1010 
954 4 901 953 955 1011 
955 4 902 954 956 1012 
956 4 903 955 957 1013 
957 4 904 956 958 1014 
958 4 905 957 959 1015 
959 4 906 958 960 1016 
960 4 907 959 961 1017 
961 4 908 960 962 1018 
962 4 909 961 963 1019 
963 4 910 962 964 1020 
964 4 911 963 965 1021 
965 4 912 964 966 1022 
966 4 913 965 967 1023 
967 4 914 966 968 1024 
968 4 915 967 969 1025 
969 4 916 968 970 1026 
970 4 917 969 971 1027 
971 4 918 970 972 1028 
972 4 919 971 973 1029 
973 4 920 972 974 1030 
974 4 921 973 975 1031 
975 4 922 974 976 1032 
976 4 923 975 977 1033 
977 4 924 976 978 1034 
978 4 925 977 979 1035 
979 4 926 978 980 1036 
980 4 927 979 981 1037 
981 4 928 980 982 1038 
982 4 929 981 983 1039 
983 4 930 982 984 1040 
984 4 931 983 985 1041 
985 4 932 984 986 1042 
986 4 933 985 987 1043 
987 4 934 986 988 1044 
988 4 935 987 989 1045 
989 4 936 988 990 1046 
990 4 937 989 991 1047 
991 4 938 990 992 1048 
992 4 939 991 993 1049 
993 4 940 992 994 1050 
994 4 941 993 995 1051 
995 4 942 994 996 1052 
996 4 943 995 997 1053 
997 4 944 996 998 1054 
998 4 945 997 999 1055 
999 4 946 998 1000 1056 
1000 4 947 999 1001 1057 
1001 3 948 1000 1058 
1002 1 1003 
1003 3 1002 1004 1060 
1004 3 1003 1005 1061 
1005 4 949 1004 1006 1062 
1006 2 950 1005 
1007 1 1008 
1008 4 951 1007 1009 1063 
1009 4 952 1008 1010 1064 
1010 4 953 1009 1011 1065 
1011 4 954 1010 1012 1066 
1012 4 955 1011 1013 1067 
1013 4 956 1012 1014 1068 
1014 4 957 1013 1015 1069 
1015 4 958 1014 1016 1070 
1016 4 959 1015 1017 1071 
1017 4 960 1016 1018 1072 
1018 4 961 1017 1019 1073 
1019 4 962 1018 1020 1074 
1020 4 963 1019 1021 1075 
1021 4 964 1020 1022 1076 
1022 4 965 1021 1023 1077 
1023 4 966 1022 1024 1078 
1024 4 967 1023 1025 1079 
1025 4 968 1024 1026 1080 
1026 4 969 1025 1027 1081 
1027 4 970 1026 1028 1082 
1028 4 971 1027 1029 1083 
1029 4 972 1028 1030 1084 
1030 4 973 1029 1031 1085 
1031 4 974 1030 1032 1086 
1032 4 975 1031 1033 1087 
1033 4 976 1032 1034 1088 
1034 4 977 1033 1035 1089 
1035 4 978 1034 1036 1090 
1036 4 979 1035 1037 1091 
1037 4 980 1036 1038 1092 
1038 4 981 1037 1039 1093 
1039 4 982 1038 1040 1094 
1040 4 983 1039 1041 1095 
1041 4 984 1040 1042 1096 
1042 4 985 1041 1043 1097 
1043 4 986 1042 1044 1098 
1044 4 987 1043 1045 1099 
1045 4 988 1044 1046 1100 
1046 4 989 1045 1047 1101 
1047 4 990 1046 1048 1102 
1048 4 991 1047 1049 1103 
1049 4 992 1048 1050 1104 
1050 4 993 1049 1051 1105 
1051 4 994 1050 1052 1106 
1052 4 995 1051 1053 1107 
1053 4 996 1052 1054 1108 
1054 4 997 1053 1055 1109 
1055 4 998 1054 1056 1110 
1056 4 999 1055 1057 1111 
1057 4 1000 1056 1058 1112 
1058 4 1001 1057 1059 1113 
1059 1 1058 
1060 3 1003 1061 1115 
1061 4 1004 1060 1062 1116 
1062 3 1005 1061 1117 
1063 2 1008 1064 
1064 4 1009 1063 1065 1118 
1065 4 1010 1064 1066 1119 
1066 4 1011 1065 1067 1120 
1067 4 1012 1066 1068 1121 
1068 4 1013 1067 1069 1122 
1069 4 1014 1068 1070 1123 
1070 4 1015 1069 1071 1124 
1071 4 1016 1070 1072 1125 
1072 4 1017 1071 1073 1126 
1073 4 1018 1072 1074 1127 
1074 4 1019 1073 1075 1128 
1075 4 1020 1074 1076 1129 
1076 4 1021 1075 1077 1130 
1077 4 1022 1076 1078 1131 
1078 4 1023 1077 1079 1132 
1079 4 1024 1078 1080 1133 
1080 4 1025 1079 1081 1134 
1081 4 1026 1080 1082 1135 
1082 4 1027 1081 1083 1136 
1083 4 1028 1082 1084 1137 
1084 4 1029 1083 1085 1138 
1085 4 1030 1084 1086 1139 
1086 4 1031 1085 1087 1140 
1087 4 1032 1086 1088 1141 
1088 4 1033 1087 1089 1142 
1089 4 1034 1088 1090 1143 
1090 4 1035 1089 1091 1144 
1091 4 1036 1090 1092 1145 
1092 4 1037 1091 1093 1146 
1093 4 1038 1092 1094 1147 
1094 4 1039 1093 1095 1148 
1095 4 1040 1094 1096 1149 
1096 4 1041 1095 1097 1150 
1097 4 1042 1096 1098 1151 
1098 4 1043 1097 1099 1152 
1099 4 1044 1098 1100 1153 
1100 4 1045 1099 1101 1154 
1101 4 1046 1100 1102 1155 
1102 4 1047 1101 1103 1156 
1103 4 1048 1102 1104 1157 
1104 4 1049 1103 1105 1158 
1105 4 1050 1104 1106 1159 
1106 4 1051 1105 1107 1160 
1107 4 1052 1106 1108 1161 
1108 4 1053 1107 1109 1162 
1109 4 1054 1108 1110 1163 
1110 4 1055 1109 1111 1164 
1111 4 1056 1110 1112 1165 
1112 4 1057 1111 1113 1166 
1113 3 1058 1112 1167 
1114 2 1115 1168 
1115 4 1060 1114 1116 1169 
1116 4 1061 1115 1117 1170 
1117 2 1062 1116 
1118 3 1064 1119 1171 
1119 4 1065 1118 1120 1172 
1120 4 1066 1119 1121 1173 
1121 4 1067 1120 1122 1174 
1122 4 1068 1121 1123 1175 
1123 4 1069 1122 1124 1176 
1124 4 1070 1123 1125 1177 
1125 4 1071 1124 1126 1178 
1126 4 1072 1125 1127 1179 
1127 4 1073 1126 1128 1180 
1128 4 1074 1127 1129 1181 
1129 4 1075 1128 1130 1182 
1130 4 1076 1129 1131 1183 
1131 4 1077 1130 1132 1184 
1132 4 1078 1131 1133 1185 
1133 4 1079 1132 1134 1186 
1134 4 1080 1133 1135 1187 
1135 4 1081 1134 1136 1188 
1136 4 1082 1135 1137 1189 
1137 4 1083 1136 1138 1190 
1138 4 1084 1137 1139 1191 
1139 4 1085 1138 1140 1192 
1140 4 1086 1139 1141 1193 
1141 4 1087 1140 1142 1194 
1142 4 1088 1141 1143 1195 
1143 4 1089 1142 1144 1196 
1144 4 1090 1143 1145 1197 
1145 4 1091 1144 1146 1198 
1146 4 1092 1145 1147 1199 
1147 4 1093 1146 1148 1200 
1148 4 1094 1147 1149 1201 
1149 4 1095 1148 1150 1202 
1150 4 1096 1149 1151 1203 
1151 4 1097 1150 1152 1204 
1152 4 1098 1151 1153 1205 
1153 4 1099 1152 1154 1206 
1154 4 1100 1153 1155 1207 
1155 4 1101 1154 1156 1208 
1156 4 1102 1155 1157 1209 
1157 4 1103 1156 1158 1210 
1158 4 1104 1157 1159 1211 
1159 4 1105 1158 1160 1212 
1160 4 1106 1159 1161 1213 
1161 4 1107 1160 1162 1214 
1162 4 1108 1161 1163 1215 
1163 4 1109 1162 1164 1216 
1164 4 1110 1163 1165 1217 
1165 4 1111 1164 1166 1218 
1166 3 1112 1165 1167 
1167 2 1113 1166 
1168 3 1114 1169 1221 
1169 4 1115 1168 1170 1222 
1170 3 1116 1169 1223 
1171 2 1118 1172 
1172 3 1119 1171 1173 
1173 3 1120 1172 1174 
1174 4 1121 1173 1175 1224 
1175 4 1122 1174 1176 1225 
1176 4 1123 1175 1177 1226 
1177 4 1124 1176 1178 1227 
1178 4 1125 1177 1179 1228 
1179 4 1126 1178 1180 1229 
1180 4 1127 1179 1181 1230 
1181 4 1128 1180 1182 1231 
1182 4 1129 1181 1183 1232 
1183 4 1130 1182 1184 1233 
1184 4 1131 1183 1185 1234 
1185 4 1132 1184 1186 1235 
1186 4 1133 1185 1187 1236 
1187 4 1134 1186 1188 1237 
1188 4 1135 1187 1189 1238 
1189 4 1136 1188 1190 1239 
1190 4 1137 1189 1191 1240 
1191 4 1138 1190 1192 1241 
1192 4 1139 1191 1193 1242 
1193 4 1140 1192 1194 1243 
1194 4 1141 1193 1195 1244 
1195 4 1142 1194 1196 1245 
1196 4 1143 1195 1197 1246 
1197 4 1144 1196 1198 1247 
1198 4 1145 1197 1199 1248 
1199 4 1146 1198 1200 1249 
1200 4 1147 1199 1201 1250 
1201 4 1148 1200 1202 1251 
1202 4 1149 1201 1203 1252 
1203 4 1150 1202 1204 1253 
1204 4 1151 1203 1205 1254 
1205 4 1152 1204 1206 1255 
1206 4 1153 1205 1207 1256 
1207 4 1154 1206 1208 1257 
1208 4 1155 1207 1209 1258 
1209 4 1156 1208 1210 1259 
1210 4 1157 1209 1211 1260 
1211 4 1158 1210 1212 1261 
1212 4 1159 1211 1213 1262 
1213 4 1160 1212 1214 1263 
1214 4 1161 1213 1215 1264 
1215 4 1162 1214 1216 1265 
1216 4 1163 1215 1217 1266 
1217 4 1164 1216 1218 1267 
1218 2 1165 1217 
1219 2 1220 1269 
1220 3 1219 1221 1270 
1221 4 1168 1220 1222 1271 
1222 4 1169 1221 1223 1272 
1223 2 1170 1222 
1224 3 1174 1225 1273 
1225 4 1175 1224 1226 1274 
1226 4 1176 1225 1227 1275 
1227 4 1177 1226 1228 1276 
1228 4 1178 1227 1229 1277 
1229 4 1179 1228 1230 1278 
1230 4 1180 1229 1231 1279 
1231 4 1181 1230 1232 1280 
1232 4 1182 1231 1233 1281 
1233 4 1183 1232 1234 1282 
1234 4 1184 1233 1235 1283 
1235 4 1185 1234 1236 1284 
1236 4 1186 1235 1237 1285 
1237 4 1187 1236 1238 1286 
1238 4 1188 1237 1239 1287 
1239 4 1189 1238 1240 1288 
1240 4 1190 1239 1241 1289 
1241 4 1191 1240 1242 1290 
1242 4 1192 1241 1243 1291 
1243 4 1193 1242 1244 1292 
1244 4 1194 1243 1245 1293 
1245 4 1195 1244 1246 1294 
1246 4 1196 1245 1247 1295 
1247 4 1197 1246 1248 1296 
1248 4 1198 1247 1249 1297 
1249 4 1199 1248 1250 1298 
1250 4 1200 1249 1251 1299 
1251 4 1201 1250 1252 1300 
1252 4 1202 1251 1253 1301 
1253 4 1203 1252 1254 1302 
1254 4 1204 1253 1255 1303 
1255 4 1205 1254 1256 1304 
1256 4 1206 1255 1257 1305 
1257 4 1207 1256 1258 1306 
1258 4 1208 1257 1259 1307 
1259 4 1209 1258 1260 1308 
1260 4 1210 1259 1261 1309 
1261 4 1211 1260 1262 1310 
1262 4 1212 1261 1263 1311 
1263 4 1213 1262 1264 1312 
1264 4 1214 1263 1265 1313 
1265 4 1215 1264 1266 1314 
1266 4 1216 1265 1267 1315 
1267 3 1217 1266 1316 
1268 2 1269 1318 
1269 4 1219 1268 1270 1319 
1270 4 1220 1269 1271 1320 
1271 4 1221 1270 1272 1321 
1272 2 1222 1271 
1273 2 1224 1274 
1274 4 1225 1273 1275 1322 
1275 4 1226 1274 1276 1323 
1276 4 1227 1275 1277 1324 
1277 4 1228 1276 1278 1325 
1278 4 1229 1277 1279 1326 
1279 4 1230 1278 1280 1327 
1280 4 1231 1279 1281 1328 
1281 4 1232 1280 1282 1329 
1282 4 1233 1281 1283 1330 
1283 4 1234 1282 1284 1331 
1284 4 1235 1283 1285 1332 
1285 4 1236 1284 1286 1333 
1286 4 1237 1285 1287 1334 
1287 4 1238 1286 1288 1335 
1288 4 1239 1287 1289 1336 
1289 4 1240 1288 1290 1337 
1290 4 1241 1289 1291 1338 
1291 4 1242 1290 1292 1339 
1292 4 1243 1291 1293 1340 
1293 4 1244 1292 1294 1341 
1294 4 1245 1293 1295 1342 
1295 4 1246 1294 1296 1343 
1296 4 1247 1295 1297 1344 
1297 4 1248 1296 1298 1345 
1298 4 1249 1297 1299 1346 
1299 4 1250 1298 1300 1347 
1300 4 1251 1299 1301 1348 
1301 4 1252 1300 1302 1349 
1302 4 1253 1301 1303 1350 
1303 4 1254 1302 1304 1351 
1304 4 1255 1303 1305 1352 
1305 4 1256 1304 1306 1353 
1306 4 1257 1305 1307 1354 
1307 4 1258 1306 1308 1355 
1308 4 1259 1307 1309 1356 
1309 4 1260 1308 1310 1357 
1310 4 1261 1309 1311 1358 
1311 4 1262 1310 1312 1359 
1312 4 1263 1311 1313 1360 
1313 4 1264 1312 1314 1361 
1314 4 1265 1313 1315 1362 
1315 4 1266 1314 1316 1363 
1316 3 1267 1315 1364 
1317 2 1318 1366 
1318 4 1268 1317 1319 1367 
1319 4 1269 1318 1320 1368 
1320 4 1270 1319 1321 1369 
1321 3 1271 1320 1370 
1322 2 1274 1323 
1323 3 1275 1322 1324 
1324 4 1276 1323 1325 1371 
1325 4 1277 1324 1326 1372 
1326 4 1278 1325 1327 1373 
1327 4 1279 1326 1328 1374 
1328 4 1280 1327 1329 1375 
1329 4 1281 1328 1330 1376 
1330 4 1282 1329 1331 1377 
1331 4 1283 1330 1332 1378 
1332 4 1284 1331 1333 1379 
1333 4 1285 1332 1334 1380 
1334 4 1286 1333 1335 1381 
1335 4 1287 1334 1336 1382 
1336 4 1288 1335 1337 1383 
1337 4 1289 1336 1338 1384 
1338 4 1290 1337 1339 1385 
1339 4 1291 1338 1340 1386 
1340 4 1292 1339 1341 1387 
1341 4 1293 1340 1342 1388 
1342 4 1294 1341 1343 1389 
1343 4 1295 1342 1344 1390 
1344 4 1296 1343 1345 1391 
1345 4 1297 1344 1346 1392 
1346 4 1298 1345 1347 1393 
1347 4 1299 1346 1348 1394 
1348 4 1300 1347 1349 1395 
1349 4 1301 1348 1350 1396 
1350 4 1302 1349 1351 1397 
1351 4 1303 1350 1352 1398 
1352 4 1304 1351 1353 1399 
1353 4 1305 1352 1354 1400 
1354 4 1306 1353 1355 1401 
1355 4 1307 1354 1356 1402 
1356 4 1308 1355 1357 1403 
1357 4 1309 1356 1358 1404 
1358 4 1310 1357 1359 1405 
1359 4 1311 1358 1360 1406 
1360 4 1312 1359 1361 1407 
1361 4 1313 1360 1362 1408 
1362 4 1314 1361 1363 1409 
1363 4 1315 1362 1364 1410 
1364 4 1316 1363 1365 1411 
1365 3 1364 1366 1412 
1366 4 1317 1365 1367 1413 
1367 4 1318 1366 1368 1414 
1368 4 1319 1367 1369 1415 
1369 4 1320 1368 1370 1416 
1370 2 1321 1369 
1371 3 1324 1372 1417 
1372 4 1325 1371 1373 1418 
1373 4 1326 1372 1374 1419 
1374 4 1327 1373 1375 1420 
1375 4 1328 1374 1376 1421 
1376 4 1329 1375 1377 1422 
1377 4 1330 1376 1378 1423 
1378 4 1331 1377 1379 1424 
1379 4 1332 1378 1380 1425 
1380 4 1333 1379 1381 1426 
1381 4 1334 1380 1382 1427 
1382 4 1335 1381 1383 1428 
1383 4 1336 1382 1384 1429 
1384 4 1337 1383 1385 1430 
1385 4 1338 1384 1386 1431 
1386 4 1339 1385 1387 1432 
1387 4 1340 1386 1388 1433 
1388 4 1341 1387 1389 1434 
1389 4 1342 1388 1390 1435 
1390 4 1343 1389 1391 1436 
1391 4 1344 1390 1392 1437 
1392 4 1345 1391 1393 1438 
1393 4 1346 1392 1394 1439 
1394 4 1347 1393 1395 1440 
1395 4 1348 1394 1396 1441 
1396 4 1349 1395 1397 1442 
1397 4 1350 1396 1398 1443 
1398 4 1351 1397 1399 1444 
1399 4 1352 1398 1400 1445 
1400 4 1353 1399 1401 1446 
1401 4 1354 1400 1402 1447 
1402 4 1355 1401 1403 1448 
1403 4 1356 1402 1404 1449 
1404 4 1357 1403 1405 1450 
1405 4 1358 1404 1406 1451 
1406 4 1359 1405 1407 1452 
1407 4 1360 1406 1408 1453 
1408 4 1361 1407 1409 1454 
1409 4 1362 1408 1410 1455 
1410 4 1363 1409 1411 1456 
1411 4 1364 1410 1412 1457 
1412 4 1365 1411 1413 1458 
1413 4 1366 1412 1414 1459 
1414 4 1367 1413 1415 1460 
1415 4 1368 1414 1416 1461 
1416 3 1369 1415 1462 
1417 2 1371 1418 
1418 4 1372 1417 1419 1463 
1419 4 1373 1418 1420 1464 
1420 4 1374 1419 1421 1465 
1421 4 1375 1420 1422 1466 
1422 4 1376 1421 1423 1467 
1423 4 1377 1422 1424 1468 
1424 4 1378 1423 1425 1469 
1425 4 1379 1424 1426 1470 
1426 4 1380 1425 1427 1471 
1427 4 1381 1426 1428 1472 
1428 4 1382 1427 1429 1473 
1429 4 1383 1428 1430 1474 
1430 4 1384 1429 1431 1475 
1431 4 1385 1430 1432 1476 
1432 4 1386 1431 1433 1477 
1433 4 1387 1432 1434 1478 
1434 4 1388 1433 1435 1479 
1435 4 1389 1434 1436 1480 
1436 4 1390 1435 1437 1481 
1437 4 1391 1436 1438 1482 
1438 4 1392 1437 1439 1483 
1439 4 1393 1438 1440 1484 
1440 4 1394 1439 1441 1485 
1441 4 1395 1440 1442 1486 
1442 4 1396 1441 1443 1487 
1443 4 1397 1442 1444 1488 
1444 4 1398 1443 1445 1489 
1445 4 1399 1444 1446 1490 
1446 4 1400 1445 1447 1491 
1447 4 1401 1446 1448 1492 
1448 4 1402 1447 1449 1493 
1449 4 1403 1448 1450 1494 
1450 4 1404 1449 1451 1495 
1451 4 1405 1450 1452 1496 
1452 4 1406 1451 1453 1497 
1453 4 1407 1452 1454 1498 
1454 4 1408 1453 1455 1499 
1455 4 1409 1454 1456 1500 
1456 4 1410 1455 1457 1501 
1457 4 1411 1456 1458 1502 
1458 4 1412 1457 1459 1503 
1459 4 1413 1458 1460 1504 
1460 4 1414 1459 1461 1505 
1461 4 1415 1460 1462 1506 
1462 2 1416 1461 
1463 3 1418 1464 1507 
1464 4 1419 1463 1465 1508 
1465 4 1420 1464 1466 1509 
1466 4 1421 1465 1467 1510 
1467 4 1422 1466 1468 1511 
1468 4 1423 1467 1469 1512 
1469 4 1424 1468 1470 1513 
1470 4 1425 1469 1471 1514 
1471 4 1426 1470 1472 1515 
1472 4 1427 1471 1473 1516 
1473 4 1428 1472 1474 1517 
1474 4 1429 1473 1475 1518 
1475 4 1430 1474 1476 1519 
1476 4 1431 1475 1477 1520 
1477 4 1432 1476 1478 1521 
1478 4 1433 1477 1479 1522 
1479 4 1434 1478 1480 1523 
1480 4 1435 1479 1481 1524 
1481 4 1436 1480 1482 1525 
1482 4 1437 1481 1483 1526 
1483 4 1438 1482 1484 1527 
1484 4 1439 1483 1485 1528 
1485 4 1440 1484 1486 1529 
1486 4 1441 1485 1487 1530 
1487 4 1442 1486 1488 1531 
1488 4 1443 1487 1489 1532 
1489 4 1444 1488 1490 1533 
1490 4 1445 1489 1491 1534 
1491 4 1446 1490 1492 1535 
1492 4 1447 1491 1493 1536 
1493 4 1448 1492 1494 1537 
1494 4 1449 1493 1495 1538 
1495 4 1450 1494 1496 1539 
1496 4 1451 1495 1497 1540 
1497 4 1452 1496 1498 1541 
1498 4 1453 1497 1499 1542 
1499 4 1454 1498 1500 1543 
1500 4 1455 1499 1501 1544 
1501 4 1456 1500 1502 1545 
1502 4 1457 1501 1503 1546 
1503 4 1458 1502 1504 1547 
1504 4 1459 1503 1505 1548 
1505 4 1460 1504 1506 1549 
1506 3 1461 1505 1550 
1507 2 1463 1508 
1508 4 1464 1507 1509 1551 
1509 4 1465 1508 1510 1552 
1510 4 1466 1509 1511 1553 
1511 4 1467 1510 1512 1554 
1512 4 1468 1511 1513 1555 
1513 4 1469 1512 1514 1556 
1514 4 1470 1513 1515 1557 
1515 4 1471 1514 1516 1558 
1516 4 1472 1515 1517 1559 
1517 4 1473 1516 1518 1560 
1518 4 1474 1517 1519 1561 
1519 4 1475 1518 1520 1562 
1520 4 1476 1519 1521 1563 
1521 4 1477 1520 1522 1564 
1522 4 1478 1521 1523 1565 
1523 4 1479 1522 1524 1566 
1524 4 1480 1523 1525 1567 
1525 4 1481 1524 1526 1568 
1526 4 1482 1525 1527 1569 
1527 4 1483 1526 1528 1570 
1528 4 1484 1527 1529 1571 
1529 4 1485 1528 1530 1572 
1530 4 1486 1529 1531 1573 
1531 4 1487 1530 1532 1574 
1532 4 1488 1531 1533 1575 
1533 4 1489 1532 1534 1576 
1534 4 1490 1533 1535 1577 
1535 4 1491 1534 1536 1578 
1536 4 1492 1535 1537 1579 
1537 4 1493 1536 1538 1580 
1538 4 1494 1537 1539 1581 
1539 4 1495 1538 1540 1582 
1540 4 1496 1539 1541 1583 
1541 4 1497 1540 1542 1584 
1542 4 1498 1541 1543 1585 
1543 4 1499 1542 1544 1586 
1544 4 1500 1543 1545 1587 
1545 4 1501 1544 1546 1588 
1546 4 1502 1545 1547 1589 
1547 4 1503 1546 1548 1590 
1548 4 1504 1547 1549 1591 
1549 4 1505 1548 1550 1592 
1550 3 1506 1549 1593 
1551 2 1508 1552 
1552 4 1509 1551 1553 1594 
1553 4 1510 1552 1554 1595 
1554 4 1511 1553 1555 1596 
1555 4 1512 1554 1556 1597 
1556 4 1513 1555 1557 1598 
1557 4 1514 1556 1558 1599 
1558 4 1515 1557 1559 1600 
1559 4 1516 1558 1560 1601 
1560 4 1517 1559 1561 1602 
1561 4 1518 1560 1562 1603 
1562 4 1519 1561 1563 1604 
1563 4 1520 1562 1564 1605 
1564 4 1521 1563 1565 1606 
1565 4 1522 1564 1566 1607 
1566 4 1523 1565 1567 1608 
1567 4 1524 1566 1568 1609 
1568 4 1525 1567 1569 1610 
1569 4 1526 1568 1570 1611 
1570 4 1527 1569 1571 1612 
1571 4 1528 1570 1572 1613 
1572 4 1529 1571 1573 1614 
1573 4 1530 1572 1574 1615 
1574 4 1531 1573 1575 1616 
1575 4 1532 1574 1576 1617 
1576 4 1533 1575 1577 1618 
1577 4 1534 1576 1578 1619 
1578 4 1535 1577 1579 1620 
1579 4 1536 1578 1580 1621 
1580 4 1537 1579 1581 1622 
1581 4 1538 1580 1582 1623 
1582 4 1539 1581 1583 1624 
1583 4 1540 1582 1584 1625 
1584 4 1541 1583 1585 1626 
1585 4 1542 1584 1586 1627 
1586 4 1543 1585 1587 1628 
1587 4 1544 1586 1588 1629 
1588 4 1545 1587 1589 1630 
1589 4 1546 1588 1590 1631 
1590 4 1547 1589 1591 1632 
1591 4 1548 1590 1592 1633 
1592 4 1549 1591 1593 1634 
1593 3 1550 1592 1635 
1594 2 1552 1595 
1595 3 1553 1594 1596 
1596 4 1554 1595 1597 1636 
1597 4 1555 1596 1598 1637 
1598 4 1556 1597 1599 1638 
1599 4 1557 1598 1600 1639 
1600 4 1558 1599 1601 1640 
1601 4 1559 1600 1602 1641 
1602 4 1560 1601 1603 1642 
1603 4 1561 1602 1604 1643 
1604 4 1562 1603 1605 1644 
1605 4 1563 1604 1606 1645 
1606 4 1564 1605 1607 1646 
1607 4 1565 1606 1608 1647 
1608 4 1566 1607 1609 1648 
1609 4 1567 1608 1610 1649 
1610 4 1568 1609 1611 1650 
1611 4 1569 1610 1612 1651 
1612 4 1570 1611 1613 1652 
1613 4 1571 1612 1614 1653 
1614 4 1572 1613 1615 1654 
1615 4 1573 1614 1616 1655 
1616 4 1574 1615 1617 1656 
1617 4 1575 1616 1618 1657 
1618 4 1576 1617 1619 1658 
1619 4 1577 1618 1620 1659 
1620 4 1578 1619 1621 1660 
1621 4 1579 1620 1622 1661 
1622 4 1580 1621 1623 1662 
1623 4 1581 1622 1624 1663 
1624 4 1582 1623 1625 1664 
1625 4 1583 1624 1626 1665 
1626 4 1584 1625 1627 1666 
1627 4 1585 1626 1628 1667 
1628 4 1586 1627 1629 1668 
1629 4 1587 1628 1630 1669 
1630 4 1588 1629 1631 1670 
1631 4 1589 1630 1632 1671 
1632 4 1590 1631 1633 1672 
1633 4 1591 1632 1634 1673 
1634 4 1592 1633 1635 1674 
1635 3 1593 1634 1675 
1636 2 1596 1637 
1637 4 1597 1636 1638 1676 
1638 4 1598 1637 1639 1677 
1639 4 1599 1638 1640 1678 
1640 4 1600 1639 1641 1679 
1641 4 1601 1640 1642 1680 
1642 4 1602 1641 1643 1681 
1643 4 1603 1642 1644 1682 
1644 4 1604 1643 1645 1683 
1645 4 1605 1644 1646 1684 
1646 4 1606 1645 1647 1685 
1647 4 1607 1646 1648 1686 
1648 4 1608 1647 1649 1687 
1649 4 1609 1648 1650 1688 
1650 4 1610 1649 1651 1689 
1651 4 1611 1650 1652 1690 
1652 4 1612 1651 1653 1691 
1653 4 1613 1652 1654 1692 
1654 4 1614 1653 1655 1693 
1655 4 1615 1654 1656 1694 
1656 4 1616 1655 1657 1695 
1657 4 1617 1656 1658 1696 
1658 4 1618 1657 1659 1697 
1659 4 1619 1658 1660 1698 
1660 4 1620 1659 1661 1699 
1661 4 1621 1660 1662 1700 
1662 4 1622 1661 1663 1701 
1663 4 1623 1662 1664 1702 
1664 4 1624 1663 1665 1703 
1665 4 1625 1664 1666 1704 
1666 4 1626 1665 1667 1705 
1667 4 1627 1666 1668 1706 
1668 4 1628 1667 1669 1707 
1669 4 1629 1668 1670 1708 
1670 4 1630 1669 1671 1709 
1671 4 1631 1670 1672 1710 
1672 4 1632 1671 1673 1711 
1673 4 1633 1672 1674 1712 
1674 4 1634 1673 1675 1713 
1675 2 1635 1674 
1676 3 1637 1677 1714 
1677 4 1638 1676 1678 1715 
1678 4 1639 1677 1679 1716 
1679 4 1640 1678 1680 1717 
1680 4 1641 1679 1681 1718 
1681 4 1642 1680 1682 1719 
1682 4 1643 1681 1683 1720 
1683 4 1644 1682 1684 1721 
1684 4 1645 1683 1685 1722 
1685 4 1646 1684 1686 1723 
1686 4 1647 1685 1687 1724 
1687 4 1648 1686 1688 1725 
1688 4 1649 1687 1689 1726 
1689 4 1650 1688 1690 1727 
1690 4 1651 1689 1691 1728 
1691 4 1652 1690 1692 1729 
1692 4 1653 1691 1693 1730 
1693 4 1654 1692 1694 1731 
1694 4 1655 1693 1695 1732 
1695 4 1656 1694 1696 1733 
1696 4 1657 1695 1697 1734 
1697 4 1658 1696 1698 1735 
1698 4 1659 1697 1699 1736 
1699 4 1660 1698 1700 1737 
1700 4 1661 1699 1701 1738 
1701 4 1662 1700 1702 1739 
1702 4 1663 1701 1703 1740 
1703 4 1664 1702 1704 1741 
1704 4 1665 1703 1705 1742 
1705 4 1666 1704 1706 1743 
1706 4 1667 1705 1707 1744 
1707 4 1668 1706 1708 1745 
1708 4 1669 1707 1709 1746 
1709 4 1670 1708 1710 1747 
1710 4 1671 1709 1711 1748 
1711 4 1672 1710 1712 1749 
1712 4 1673 1711 1713 1750 
1713 2 1674 1712 
1714 3 1676 1715 1751 
1715 4 1677 1714 1716 1752 
1716 4 1678 1715 1717 1753 
1717 4 1679 1716 1718 1754 
1718 4 1680 1717 1719 1755 
1719 4 1681 1718 1720 1756 
1720 4 1682 1719 1721 1757 
1721 4 1683 1720 1722 1758 
1722 4 1684 1721 1723 1759 
1723 4 1685 1722 1724 1760 
1724 4 1686 1723 1725 1761 
1725 4 1687 1724 1726 1762 
1726 4 1688 1725 1727 1763 
1727 4 1689 1726 1728 1764 
1728 4 1690 1727 1729 1765 
1729 4 1691 1728 1730 1766 
1730 4 1692 1729 1731 1767 
1731 4 1693 1730 1732 1768 
1732 4 1694 1731 1733 1769 
1733 4 1695 1732 1734 1770 
1734 4 1696 1733 1735 1771 
1735 4 1697 1734 1736 1772 
1736 4 1698 1735 1737 1773 
1737 4 1699 1736 1738 1774 
1738 4 1700 1737 1739 1775 
1739 4 1701 1738 1740 1776 
1740 4 1702 1739 1741 1777 
1741 4 1703 1740 1742 1778 
1742 4 1704 1741 1743 1779 
1743 4 1705 1742 1744 1780 
1744 4 1706 1743 1745 1781 
1745 4 1707 1744 1746 1782 
1746 4 1708 1745 1747 1783 
1747 4 1709 1746 1748 1784 
1748 4 1710 1747 1749 1785 
1749 4 1711 1748 1750 1786 
1750 3 1712 1749 1787 
1751 3 1714 1752 1788 
1752 4 1715 1751 1753 1789 
1753 4 1716 1752 1754 1790 
1754 4 1717 1753 1755 1791 
1755 4 1718 1754 1756 1792 
1756 4 1719 1755 1757 1793 
1757 4 1720 1756 1758 1794 
1758 4 1721 1757 1759 1795 
1759 4 1722 1758 1760 1796 
1760 4 1723 1759 1761 1797 
1761 4 1724 1760 1762 1798 
1762 4 1725 1761 1763 1799 
1763 4 1726 1762 1764 1800 
1764 4 1727 1763 1765 1801 
1765 4 1728 1764 1766 1802 
1766 4 1729 1765 1767 1803 
1767 4 1730 1766 1768 1804 
1768 4 1731 1767 1769 1805 
1769 4 1732 1768 1770 1806 
1770 4 1733 1769 1771 1807 
1771 4 1734 1770 1772 1808 
1772 4 1735 1771 1773 1809 
1773 4 1736 1772 1774 1810 
1774 4 1737 1773 1775 1811 
1775 4 1738 1774 1776 1812 
1776 4 1739 1775 1777 1813 
1777 4 1740 1776 1778 1814 
1778 4 1741 1777 1779 1815 
1779 4 1742 1778 1780 1816 
1780 4 1743 1779 1781 1817 
1781 4 1744 1780 1782 1818 
1782 4 1745 1781 1783 1819 
1783 4 1746 1782 1784 1820 
1784 4 1747 1783 1785 1821 
1785 4 1748 1784 1786 1822 
1786 4 1749 1785 1787 1823 
1787 3 1750 1786 1824 
1788 3 1751 1789 1825 
1789 4 1752 1788 1790 1826 
1790 4 1753 1789 1791 1827 
1791 4 1754 1790 1792 1828 
1792 4 1755 1791 1793 1829 
1793 4 1756 1792 1794 1830 
1794 4 1757 1793 1795 1831 
1795 4 1758 1794 1796 1832 
1796 4 1759 1795 1797 1833 
1797 4 1760 1796 1798 1834 
1798 4 1761 1797 1799 1835 
1799 4 1762 1798 1800 1836 
1800 4 1763 1799 1801 1837 
1801 4 1764 1800 1802 1838 
1802 4 1765 1801 1803 1839 
1803 4 1766 1802 1804 1840 
1804 4 1767 1803 1805 1841 
1805 4 1768 1804 1806 1842 
1806 4 1769 1805 1807 1843 
1807 4 1770 1806 1808 1844 
1808 4 1771 1807 1809 1845 
1809 4 1772 1808 1810 1846 
1810 4 1773 1809 1811 1847 
1811 4 1774 1810 1812 1848 
1812 4 1775 1811 1813 1849 
1813 4 1776 1812 1814 1850 
1814 4 1777 1813 1815 1851 
1815 4 1778 1814 1816 1852 
1816 4 1779 1815 1817 1853 
1817 4 1780 1816 1818 1854 
1818 4 1781 1817 1819 1855 
1819 4 1782 1818 1820 1856 
1820 4 1783 1819 1821 1857 
1821 4 1784 1820 1822 1858 
1822 4 1785 1821 1823 1859 
1823 4 1786 1822 1824 1860 
1824 3 1787 1823 1861 
1825 3 1788 1826 1862 
1826 4 1789 1825 1827 1863 
1827 4 1790 1826 1828 1864 
1828 4 1791 1827 1829 1865 
1829 4 1792 1828 1830 1866 
1830 4 1793 1829 1831 1867 
1831 4 1794 1830 1832 1868 
1832 4 1795 1831 1833 1869 
1833 4 1796 1832 1834 1870 
1834 4 1797 1833 1835 1871 
1835 4 1798 1834 1836 1872 
1836 4 1799 1835 1837 1873 
1837 4 1800 1836 1838 1874 
1838 4 1801 1837 1839 1875 
1839 4 1802 1838 1840 1876 
1840 4 1803 1839 1841 1877 
1841 4 1804 1840 1842 1878 
1842 4 1805 1841 1843 1879 
1843 4 1806 1842 1844 1880 
1844 4 1807 1843 1845 1881 
1845 4 1808 1844 1846 1882 
1846 4 1809 1845 1847 1883 
1847 4 1810 1846 1848 1884 
1848 4 1811 1847 1849 1885 
1849 4 1812 1848 1850 1886 
1850 4 1813 1849 1851 1887 
1851 4 1814 1850 1852 1888 
1852 4 1815 1851 1853 1889 
1853 4 1816 1852 1854 1890 
1854 4 1817 1853 1855 1891 
1855 4 1818 1854 1856 1892 
1856 4 1819 1855 1857 1893 
1857 4 1820 1856 1858 1894 
1858 4 1821 1857 1859 1895 
1859 4 1822 1858 1860 1896 
1860 4 1823 1859 1861 1897 
1861 3 1824 1860 1898 
1862 3 1825 1863 1899 
1863 4 1826 1862 1864 1900 
1864 4 1827 1863 1865 1901 
1865 4 1828 1864 1866 1902 
1866 4 1829 1865 1867 1903 
1867 4 1830 1866 1868 1904 
1868 4 1831 1867 1869 1905 
1869 4 1832 1868 1870 1906 
1870 4 1833 1869 1871 1907 
1871 4 1834 1870 1872 1908 
1872 4 1835 1871 1873 1909 
1873 4 1836 1872 1874 1910 
1874 4 1837 1873 1875 1911 
1875 4 1838 1874 1876 1912 
1876 4 1839 1875 1877 1913 
1877 4 1840 1876 1878 1914 
1878 4 1841 1877 1879 1915 
1879 4 1842 1878 1880 1916 
1880 4 1843 1879 1881 1917 
1881 4 1844 1880 1882 1918 
1882 4 1845 1881 1883 1919 
1883 4 1846 1882 1884 1920 
1884 4 1847 1883 1885 1921 
1885 4 1848 1884 1886 1922 
1886 4 1849 1885 1887 1923 
1887 4 1850 1886 1888 1924 
1888 4 1851 1887 1889 1925 
1889 4 1852 1888 1890 1926 
1890 4 1853 1889 1891 1927 
1891 4 1854 1890 1892 1928 
1892 4 1855 1891 1893 1929 
1893 4 1856 1892 1894 1930 
1894 4 1857 1893 1895 1931 
1895 4 1858 1894 1896 1932 
1896 4 1859 1895 1897 1933 
1897 4 1860 1896 1898 1934 
1898 3 1861 1897 1935 
1899 3 1862 1900 1936 
1900 4 1863 1899 1901 1937 
1901 4 1864 1900 1902 1938 
1902 4 1865 1901 1903 1939 
1903 4 1866 1902 1904 1940 
1904 4 1867 1903 1905 1941 
1905 4 1868 1904 1906 1942 
1906 4 1869 1905 1907 1943 
1907 4 1870 1906 1908 1944 
1908 4 1871 1907 1909 1945 
1909 4 1872 1908 1910 1946 
1910 4 1873 1909 1911 1947 
1911 4 1874 1910 1912 1948 
1912 4 1875 1911 1913 1949 
1913 4 1876 1912 1914 1950 
1914 4 1877 1913 1915 1951 
1915 4 1878 1914 1916 1952 
1916 4 1879 1915 1917 1953 
1917 4 1880 1916 1918 1954 
1918 4 1881 1917 1919 1955 
1919 4 1882 1918 1920 1956 
1920 4 1883 1919 1921 1957 
1921 4 1884 1920 1922 1958 
1922 4 1885 1921 1923 1959 
1923 4 1886 1922 1924 1960 
1924 4 1887 1923 1925 1961 
1925 4 1888 1924 1926 1962 
1926 4 1889 1925 1927 1963 
1927 4 1890 1926 1928 1964 
1928 4 1891 1927 1929 1965 
1929 4 1892 1928 1930 1966 
1930 4 1893 1929 1931 1967 
1931 4 1894 1930 1932 1968 
1932 4 1895 1931 1933 1969 
1933 4 1896 1932 1934 1970 
1934 4 1897 1933 1935 1971 
1935 2 1898 1934 
1936 2 1899 1937 
1937 4 1900 1936 1938 1972 
1938 4 1901 1937 1939 1973 
1939 4 1902 1938 1940 1974 
1940 4 1903 1939 1941 1975 
1941 4 1904 1940 1942 1976 
1942 4 1905 1941 1943 1977 
1943 4 1906 1942 1944 1978 
1944 4 1907 1943 1945 1979 
1945 4 1908 1944 1946 1980 
1946 4 1909 1945 1947 1981 
1947 4 1910 1946 1948 1982 
1948 4 1911 1947 1949 1983 
1949 4 1912 1948 1950 1984 
1950 4 1913 1949 1951 1985 
1951 4 1914 1950 1952 1986 
1952 4 1915 1951 1953 1987 
1953 4 1916 1952 1954 1988 
1954 4 1917 1953 1955 1989 
1955 4 1918 1954 1956 1990 
1956 4 1919 1955 1957 1991 
1957 4 1920 1956 1958 1992 
1958 4 1921 1957 1959 1993 
1959 4 1922 1958 1960 1994 
1960 4 1923 1959 1961 1995 
1961 4 1924 1960 1962 1996 
1962 4 1925 1961 1963 1997 
1963 4 1926 1962 1964 1998 
1964 4 1927 1963 1965 1999 
1965 4 1928 1964 1966 2000 
1966 4 1929 1965 1967 2001 
1967 4 1930 1966 1968 2002 
1968 4 1931 1967 1969 2003 
1969 4 1932 1968 1970 2004 
1970 4 1933 1969 1971 2005 
1971 3 1934 1970 2006 
1972 3 1937 1973 2007 
1973 4 1938 1972 1974 2008 
1974 4 1939 1973 1975 2009 
1975 4 1940 1974 1976 2010 
1976 4 1941 1975 1977 2011 
1977 4 1942 1976 1978 2012 
1978 4 1943 1977 1979 2013 
1979 4 1944 1978 1980 2014 
1980 4 1945 1979 1981 2015 
1981 4 1946 1980 1982 2016 
1982 4 1947 1981 1983 2017 
1983 4 1948 1982 1984 2018 
1984 4 1949 1983 1985 2019 
1985 4 1950 1984 1986 2020 
1986 4 1951 1985 1987 2021 
1987 4 1952 1986 1988 2022 
1988 4 1953 1987 1989 2023 
1989 4 1954 1988 1990 2024 
1990 4 1955 1989 1991 2025 
1991 4 1956 1990 1992 2026 
1992 4 1957 1991 1993 2027 
1993 4 1958 1992 1994 2028 
1994 4 1959 1993 1995 2029 
1995 4 1960 1994 1996 2030 
1996 4 1961 1995 1997 2031 
1997 4 1962 1996 1998 2032 
1998 4 1963 1997 1999 2033 
1999 4 1964 1998 2000 2034 
2000 4 1965 1999 2001 2035 
2001 4 1966 2000 2002 2036 
2002 4 1967 2001 2003 2037 
2003 4 1968 2002 2004 2038 
2004 4 1969 2003 2005 2039 
2005 4 1970 2004 2006 2040 
2006 3 1971 2005 2041 
2007 3 1972 2008 2043 
2008 4 1973 2007 2009 2044 
2009 4 1974 2008 2010 2045 
2010 4 1975 2009 2011 2046 
2011 4 1976 2010 2012 2047 
2012 4 1977 2011 2013 2048 
2013 4 1978 2012 2014 2049 
2014 4 1979 2013 2015 2050 
2015 4 1980 2014 2016 2051 
2016 4 1981 2015 2017 2052 
2017 4 1982 2016 2018 2053 
2018 4 1983 2017 2019 2054 
2019 4 1984 2018 2020 2055 
2020 4 1985 2019 2021 2056 
2021 4 1986 2020 2022 2057 
2022 4 1987 2021 2023 2058 
2023 4 1988 2022 2024 2059 
2024 4 1989 2023 2025 2060 
2025 4 1990 2024 2026 2061 
2026 4 1991 2025 2027 2062 
2027 4 1992 2026 2028 2063 
2028 4 1993 2027 2029 2064 
2029 4 1994 2028 2030 2065 
2030 4 1995 2029 2031 2066 
2031 4 1996 2030 2032 2067 
2032 4 1997 2031 2033 2068 
2033 4 1998 2032 2034 2069 
2034 4 1999 2033 2035 2070 
2035 4 2000 2034 2036 2071 
2036 4 2001 2035 2037 2072 
2037 4 2002 2036 2038 2073 
2038 4 2003 2037 2039 2074 
2039 4 2004 2038 2040 2075 
2040 4 2005 2039 2041 2076 
2041 2 2006 2040 
2042 2 2043 2077 
2043 4 2007 2042 2044 2078 
2044 4 2008 2043 2045 2079 
2045 4 2009 2044 2046 2080 
2046 4 2010 2045 2047 2081 
2047 4 2011 2046 2048 2082 
2048 4 2012 2047 2049 2083 
2049 4 2013 2048 2050 2084 
2050 4 2014 2049 2051 2085 
2051 4 2015 2050 2052 2086 
2052 4 2016 2051 2053 2087 
2053 4 2017 2052 2054 2088 
2054 4 2018 2053 2055 2089 
2055 4 2019 2054 2056 2090 
2056 4 2020 2055 2057 2091 
2057 4 2021 2056 2058 2092 
2058 4 2022 2057 2059 2093 
2059 4 2023 2058 2060 2094 
2060 4 2024 2059 2061 2095 
2061 4 2025 2060 2062 2096 
2062 4 2026 2061 2063 2097 
2063 4 2027 2062 2064 2098 
2064 4 2028 2063 2065 2099 
2065 4 2029 2064 2066 2100 
2066 4 2030 2065 2067 2101 
2067 4 2031 2066 2068 2102 
2068 4 2032 2067 2069 2103 
2069 4 2033 2068 2070 2104 
2070 4 2034 2069 2071 2105 
2071 4 2035 2070 2072 2106 
2072 4 2036 2071 2073 2107 
2073 4 2037 2072 2074 2108 
2074 4 2038 2073 2075 2109 
2075 4 2039 2074 2076 2110 
2076 3 2040 2075 2111 
2077 3 2042 2078 2112 
2078 4 2043 2077 2079 2113 
2079 4 2044 2078 2080 2114 
2080 4 2045 2079 2081 2115 
2081 4 2046 2080 2082 2116 
2082 4 2047 2081 2083 2117 
2083 4 2048 2082 2084 2118 
2084 4 2049 2083 2085 2119 
2085 4 2050 2084 2086 2120 
2086 4 2051 2085 2087 2121 
2087 4 2052 2086 2088 2122 
2088 4 2053 2087 2089 2123 
2089 4 2054 2088 2090 2124 
2090 4 2055 2089 2091 2125 
2091 4 2056 2090 2092 2126 
2092 4 2057 2091 2093 2127 
2093 4 2058 2092 2094 2128 
2094 4 2059 2093 2095 2129 
2095 4 2060 2094 2096 2130 
2096 4 2061 2095 2097 2131 
2097 4 2062 2096 2098 2132 
2098 4 2063 2097 2099 2133 
2099 4 2064 2098 2100 2134 
2100 4 2065 2099 2101 2135 
2101 4 2066 2100 2102 2136 
2102 4 2067 2101 2103 2137 
2103 4 2068 2102 2104 2138 
2104 4 2069 2103 2105 2139 
2105 4 2070 2104 2106 2140 
2106 4 2071 2105 2107 2141 
2107 4 2072 2106 2108 2142 
2108 4 2073 2107 2109 2143 
2109 4 2074 2108 2110 2144 
2110 4 2075 2109 2111 2145 
2111 3 2076 2110 2146 
2112 3 2077 2113 2147 
2113 4 2078 2112 2114 2148 
2114 4 2079 2113 2115 2149 
2115 4 2080 2114 2116 2150 
2116 4 2081 2115 2117 2151 
2117 4 2082 2116 2118 2152 
2118 4 2083 2117 2119 2153 
2119 4 2084 2118 2120 2154 
2120 4 2085 2119 2121 2155 
2121 4 2086 2120 2122 2156 
2122 4 2087 2121 2123 2157 
2123 4 2088 2122 2124 2158 
2124 4 2089 2123 2125 2159 
2125 4 2090 2124 2126 2160 
2126 4 2091 2125 2127 2161 
2127 4 2092 2126 2128 2162 
2128 4 2093 2127 2129 2163 
2129 4 2094 2128 2130 2164 
2130 4 2095 2129 2131 2165 
2131 4 2096 2130 2132 2166 
2132 4 2097 2131 2133 2167 
2133 4 2098 2132 2134 2168 
2134 4 2099 2133 2135 2169 
2135 4 2100 2134 2136 2170 
2136 4 2101 2135 2137 2171 
2137 4 2102 2136 2138 2172 
2138 4 2103 2137 2139 2173 
2139 4 2104 2138 2140 2174 
2140 4 2105 2139 2141 2175 
2141 4 2106 2140 2142 2176 
2142 4 2107 2141 2143 2177 
2143 4 2108 2142 2144 2178 
2144 4 2109 2143 2145 2179 
2145 4 2110 2144 2146 2180 
2146 3 2111 2145 2181 
2147 3 2112 2148 2182 
2148 4 2113 2147 2149 2183 
2149 4 2114 2148 2150 2184 
2150 4 2115 2149 2151 2185 
2151 4 2116 2150 2152 2186 
2152 4 2117 2151 2153 2187 
2153 4 2118 2152 2154 2188 
2154 4 2119 2153 2155 2189 
2155 4 2120 2154 2156 2190 
2156 4 2121 2155 2157 2191 
2157 4 2122 2156 2158 2192 
2158 4 2123 2157 2159 2193 
2159 4 2124 2158 2160 2194 
2160 4 2125 2159 2161 2195 
2161 4 2126 2160 2162 2196 
2162 4 2127 2161 2163 2197 
2163 4 2128 2162 2164 2198 
2164 4 2129 2163 2165 2199 
2165 4 2130 2164 2166 2200 
2166 4 2131 2165 2167 2201 
2167 4 2132 2166 2168 2202 
2168 4 2133 2167 2169 2203 
2169 4 2134 2168 2170 2204 
2170 4 2135 2169 2171 2205 
2171 4 2136 2170 2172 2206 
2172 4 2137 2171 2173 2207 
2173 4 2138 2172 2174 2208 
2174 4 2139 2173 2175 2209 
2175 4 2140 2174 2176 2210 
2176 4 2141 2175 2177 2211 
2177 4 2142 2176 2178 2212 
2178 4 2143 2177 2179 2213 
2179 4 2144 2178 2180 2214 
2180 4 2145 2179 2181 2215 
2181 3 2146 2180 2216 
2182 2 2147 2183 
2183 4 2148 2182 2184 2217 
2184 4 2149 2183 2185 2218 
2185 4 2150 2184 2186 2219 
2186 4 2151 2185 2187 2220 
2187 4 2152 2186 2188 2221 
2188 4 2153 2187 2189 2222 
2189 4 2154 2188 2190 2223 
2190 4 2155 2189 2191 2224 
2191 4 2156 2190 2192 2225 
2192 4 2157 2191 2193 2226 
2193 4 2158 2192 2194 2227 
2194 4 2159 2193 2195 2228 
2195 4 2160 2194 2196 2229 
2196 4 2161 2195 2197 2230 
2197 4 2162 2196 2198 2231 
2198 4 2163 2197 2199 2232 
2199 4 2164 2198 2200 2233 
2200 4 2165 2199 2201 2234 
2201 4 2166 2200 2202 2235 
2202 4 2167 2201 2203 2236 
2203 4 2168 2202 2204 2237 
2204 4 2169 2203 2205 2238 
2205 4 2170 2204 2206 2239 
2206 4 2171 2205 2207 2240 
2207 4 2172 2206 2208 2241 
2208 4 2173 2207 2209 2242 
2209 4 2174 2208 2210 2243 
2210 4 2175 2209 2211 2244 
2211 4 2176 2210 2212 2245 
2212 4 2177 2211 2213 2246 
2213 4 2178 2212 2214 2247 
2214 4 2179 2213 2215 2248 
2215 4 2180 2214 2216 2249 
2216 3 2181 2215 2250 
2217 3 2183 2218 2251 
2218 4 2184 2217 2219 2252 
2219 4 2185 2218 2220 2253 
2220 4 2186 2219 2221 2254 
2221 4 2187 2220 2222 2255 
2222 4 2188 2221 2223 2256 
2223 4 2189 2222 2224 2257 
2224 4 2190 2223 2225 2258 
2225 4 2191 2224 2226 2259 
2226 4 2192 2225 2227 2260 
2227 4 2193 2226 2228 2261 
2228 4 2194 2227 2229 2262 
2229 4 2195 2228 2230 2263 
2230 4 2196 2229 2231 2264 
2231 4 2197 2230 2232 2265 
2232 4 2198 2231 2233 2266 
2233 4 2199 2232 2234 2267 
2234 4 2200 2233 2235 2268 
2235 4 2201 2234 2236 2269 
2236 4 2202 2235 2237 2270 
2237 4 2203 2236 2238 2271 
2238 4 2204 2237 2239 2272 
2239 4 2205 2238 2240 2273 
2240 4 2206 2239 2241 2274 
2241 4 2207 2240 2242 2275 
2242 4 2208 2241 2243 2276 
2243 4 2209 2242 2244 2277 
2244 4 2210 2243 2245 2278 
2245 4 2211 2244 2246 2279 
2246 4 2212 2245 2247 2280 
2247 4 2213 2246 2248 2281 
2248 4 2214 2247 2249 2282 
2249 4 2215 2248 2250 2283 
2250 3 2216 2249 2284 
2251 2 2217 2252 
2252 4 2218 2251 2253 2285 
2253 4 2219 2252 2254 2286 
2254 4 2220 2253 2255 2287 
2255 4 2221 2254 2256 2288 
2256 4 2222 2255 2257 2289 
2257 4 2223 2256 2258 2290 
2258 4 2224 2257 2259 2291 
2259 4 2225 2258 2260 2292 
2260 4 2226 2259 2261 2293 
2261 4 2227 2260 2262 2294 
2262 4 2228 2261 2263 2295 
2263 4 2229 2262 2264 2296 
2264 4 2230 2263 2265 2297 
2265 4 2231 2264 2266 2298 
2266 4 2232 2265 2267 2299 
2267 4 2233 2266 2268 2300 
2268 4 2234 2267 2269 2301 
2269 4 2235 2268 2270 2302 
2270 4 2236 2269 2271 2303 
2271 4 2237 2270 2272 2304 
2272 4 2238 2271 2273 2305 
2273 4 2239 2272 2274 2306 
2274 4 2240 2273 2275 2307 
2275 4 2241 2274 2276 2308 
2276 4 2242 2275 2277 2309 
2277 4 2243 2276 2278 2310 
2278 4 2244 2277 2279 2311 
2279 4 2245 2278 2280 2312 
2280 4 2246 2279 2281 2313 
2281 4 2247 2280 2282 2314 
2282 4 2248 2281 2283 2315 
2283 4 2249 2282 2284 2316 
2284 3 2250 2283 2317 
2285 2 2252 2286 
2286 3 2253 2285 2287 
2287 4 2254 2286 2288 2318 
2288 4 2255 2287 2289 2319 
2289 4 2256 2288 2290 2320 
2290 4 2257 2289 2291 2321 
2291 4 2258 2290 2292 2322 
2292 4 2259 2291 2293 2323 
2293 4 2260 2292 2294 2324 
2294 4 2261 2293 2295 2325 
2295 4 2262 2294 2296 2326 
2296 4 2263 2295 2297 2327 
2297 4 2264 2296 2298 2328 
2298 4 2265 2297 2299 2329 
2299 4 2266 2298 2300 2330 
2300 4 2267 2299 2301 2331 
2301 4 2268 2300 2302 2332 
2302 4 2269 2301 2303 2333 
2303 4 2270 2302 2304 2334 
2304 4 2271 2303 2305 2335 
2305 4 2272 2304 2306 2336 
2306 4 2273 2305 2307 2337 
2307 4 2274 2306 2308 2338 
2308 4 2275 2307 2309 2339 
2309 4 2276 2308 2310 2340 
2310 4 2277 2309 2311 2341 
2311 4 2278 2310 2312 2342 
2312 4 2279 2311 2313 2343 
2313 4 2280 2312 2314 2344 
2314 4 2281 2313 2315 2345 
2315 4 2282 2314 2316 2346 
2316 4 2283 2315 2317 2347 
2317 3 2284 2316 2348 
2318 2 2287 2319 
2319 4 2288 2318 2320 2349 
2320 4 2289 2319 2321 2350 
2321 4 2290 2320 2322 2351 
2322 4 2291 2321 2323 2352 
2323 4 2292 2322 2324 2353 
2324 4 2293 2323 2325 2354 
2325 4 2294 2324 2326 2355 
2326 4 2295 2325 2327 2356 
2327 4 2296 2326 2328 2357 
2328 4 2297 2327 2329 2358 
2329 4 2298 2328 2330 2359 
2330 4 2299 2329 2331 2360 
2331 4 2300 2330 2332 2361 
2332 4 2301 2331 2333 2362 
2333 4 2302 2332 2334 2363 
2334 4 2303 2333 2335 2364 
2335 4 2304 2334 2336 2365 
2336 4 2305 2335 2337 2366 
2337 4 2306 2336 2338 2367 
2338 4 2307 2337 2339 2368 
2339 4 2308 2338 2340 2369 
2340 4 2309 2339 2341 2370 
2341 4 2310 2340 2342 2371 
2342 4 2311 2341 2343 2372 
2343 4 2312 2342 2344 2373 
2344 4 2313 2343 2345 2374 
2345 4 2314 2344 2346 2375 
2346 4 2315 2345 2347 2376 
2347 4 2316 2346 2348 2377 
2348 3 2317 2347 2378 
2349 3 2319 2350 2379 
2350 4 2320 2349 2351 2380 
2351 4 2321 2350 2352 2381 
2352 4 2322 2351 2353 2382 
2353 4 2323 2352 2354 2383 
2354 4 2324 2353 2355 2384 
2355 4 2325 2354 2356 2385 
2356 4 2326 2355 2357 2386 
2357 4 2327 2356 2358 2387 
2358 4 2328 2357 2359 2388 
2359 4 2329 2358 2360 2389 
2360 4 2330 2359 2361 2390 
2361 4 2331 2360 2362 2391 
2362 4 2332 2361 2363 2392 
2363 4 2333 2362 2364 2393 
2364 4 2334 2363 2365 2394 
2365 4 2335 2364 2366 2395 
2366 4 2336 2365 2367 2396 
2367 4 2337 2366 2368 2397 
2368 4 2338 2367 2369 2398 
2369 4 2339 2368 2370 2399 
2370 4 2340 2369 2371 2400 
2371 4 2341 2370 2372 2401 
2372 4 2342 2371 2373 2402 
2373 4 2343 2372 2374 2403 
2374 4 2344 2373 2375 2404 
2375 4 2345 2374 2376 2405 
2376 4 2346 2375 2377 2406 
2377 4 2347 2376 2378 2407 
2378 3 2348 2377 2408 
2379 2 2349 2380 
2380 3 2350 2379 2381 
2381 3 2351 2380 2382 
2382 3 2352 2381 2383 
2383 3 2353 2382 2384 
2384 3 2354 2383 2385 
2385 3 2355 2384 2386 
2386 3 2356 2385 2387 
2387 3 2357 2386 2388 
2388 3 2358 2387 2389 
2389 4 2359 2388 2390 2409 
2390 4 2360 2389 2391 2410 
2391 4 2361 2390 2392 2411 
2392 4 2362 2391 2393 2412 
2393 4 2363 2392 2394 2413 
2394 4 2364 2393 2395 2414 
2395 4 2365 2394 2396 2415 
2396 4 2366 2395 2397 2416 
2397 4 2367 2396 2398 2417 
2398 4 2368 2397 2399 2418 
2399 4 2369 2398 2400 2419 
2400 4 2370 2399 2401 2420 
2401 4 2371 2400 2402 2421 
2402 4 2372 2401 2403 2422 
2403 4 2373 2402 2404 2423 
2404 4 2374 2403 2405 2424 
2405 4 2375 2404 2406 2425 
2406 4 2376 2405 2407 2426 
2407 4 2377 2406 2408 2427 
2408 3 2378 2407 2428 
2409 2 2389 2410 
2410 3 2390 2409 2411 
2411 3 2391 2410 2412 
2412 3 2392 2411 2413 
2413 3 2393 2412 2414 
2414 3 2394 2413 2415 
2415 3 2395 2414 2416 
2416 3 2396 2415 2417 
2417 3 2397 2416 2418 
2418 3 2398 2417 2419 
2419 3 2399 2418 2420 
2420 3 2400 2419 2421 
2421 4 2401 2420 2422 2429 
2422 4 2402 2421 2423 2430 
2423 4 2403 2422 2424 2431 
2424 4 2404 2423 2425 2432 
2425 4 2405 2424 2426 2433 
2426 4 2406 2425 2427 2434 
2427 4 2407 2426 2428 2435 
2428 3 2408 2427 2436 
2429 2 2421 2430 
2430 3 2422 2429 2431 
2431 3 2423 2430 2432 
2432 3 2424 2431 2433 
2433 3 2425 2432 2434 
2434 3 2426 2433 2435 
2435 3 2427 2434 2436 
2436 2 2428 2435 
